0.025322782756343	0.118576598130999	0.163269058442879	0.124079367307646	0.568752193362134
0.030900077893048	0.0364521543425438	0.214988025387444	0.106543959696376	0.611115782680588
0.0695191520167243	0.0112003728812943	0.0372261210004921	0.0980599268949139	0.783994427206575
0.031025301806297	0.0304014672995431	0.213379567245331	0.0884583559710957	0.636735307677733
0.0558409192216517	0.0374879917530711	0.243129931291737	0.130731162162483	0.532809995571057
0.059587426305899	0.033401853313581	0.0452097748560434	0.194581407545516	0.66721953797896
0.0562101389398983	0.0171998560319419	0.0905131974167811	0.122528891066328	0.71354791654505
0.0393373978665023	0.0247279294871461	0.131812098544499	0.094966677908988	0.709155896192865
0.00489495999649072	0.0481825335373488	0.170162537125232	0.213760913198539	0.562999056142389
0.0553872284278627	0.0343040609296809	0.195263849504594	0.0798041894096179	0.635240671728244
0.0609294748461111	0.0604716481703976	0.261495662145	0.137011855152658	0.480091359685834
0.00846522332265717	0.0340639347344188	0.16372074914556	0.107968283028473	0.685781809768891
0.0464297462261018	0.0184574327742008	0.182226249488422	0.112078223688329	0.640808347822946
0.0414431804520356	0.00855144201627652	0.176478565257905	0.184139598093279	0.589387214180503
0.07606068783959	0.0295422057056145	0.0855690918999988	0.137362122716007	0.67146589183879
0.0662129165979814	0.010307228677392	0.151933081384991	0.178791527856482	0.592755245483154
0.0640606511639119	0.0229535149557586	0.105713630309346	0.123881148509684	0.683391055061299
0.0923499385055003	0.0683111683597589	0.171636453948501	0.0959854376446799	0.57171700154156
0.0625158308896214	0.0375664533416947	0.189337198279288	0.0726179854524206	0.637962532036975
0.10418297816753	0.0312805240003477	0.118830477928138	0.117576454145341	0.628129565758643
0.10903826456856	0.0107896880760987	0.100541299362645	0.0629439645003536	0.716686783492343
0.0357011485992198	0.0544771759792367	0.138344107529394	0.092550370800342	0.678927197091808
0.111192715963736	0.0336556000729999	0.0890443066276056	0.053160749497648	0.71294662783801
0.0500306850357714	0.0340180166811754	0.237009172387145	0.184613654265392	0.494328471630516
0.0346400122636942	0.0686468244634322	0.250545946887987	0.132212025421582	0.513955190963305
0.0726674012325547	0.0166306799664836	0.19073188085302	0.232435135606008	0.487534902341934
0.0696583016646293	0.0751762520496262	0.117188410240357	0.0535181411007677	0.684458894944619
0.0381179213649681	0.0319692064549445	0.186340282332942	0.209296313965903	0.534276275881242
0.0287924197915477	0.0152250093185427	0.00283495471894766	0	0.953147616170962
0.0704855762402656	0.0710338199000821	0.193653750741989	0.149946201746178	0.514880651371485
0.0410102621916132	0.086367447018862	0.314629997579523	0.131260302423055	0.426731990786947
0.0440942373417666	0.0408324577028389	0.224678519381346	0.0861824111331559	0.604212374440892
0.0175133089510718	0.0585100077324663	0.286585295589981	0.112745656050062	0.524645731676419
0.0729837524049124	0.0656977153616529	0.233651714992581	0.174744206583944	0.452922610656909
0.063832610947436	0.0472841642523208	0.103448079714067	0.0400421128563535	0.745393032229823
0.0525593324957169	0.0588029527421249	0.150424721249578	0.0493775801604788	0.688835413352101
0.0419007177440582	0.0342773154930662	0.162023963821792	0.141373631448953	0.620424371492131
0.0342201010776695	0.0433158313691399	0.231935871148004	0.18543889902281	0.505089297382377
0.0387629938740866	0.0298170536651262	0.146320815321447	0.159829480679132	0.625269656460209
0.0167805217717128	0.0434126042785677	0.270107245241238	0.14915426152448	0.520545367184001
0.032916259735916	0.0454252264191606	0.229816490693962	0.0925740789052058	0.599267944245756
0.00512465203576013	0.0688617155494778	0.252133707762667	0.127741780706214	0.546138143945881
0.035675030455381	0.0704443456691769	0.242624172162739	0.203829473385435	0.447426978327268
0.0469863528106536	0.0229083176183972	0.0981604958708144	0.167950763874586	0.663994069825549
0.0477775363625713	0.0330063714087902	0.203761551151053	0.111060395019955	0.60439414605763
0.0538324459865476	0.0601824663130341	0.249677975183378	0.0484688905151576	0.587838222001883
0.0107563740890954	0.0726360807999158	0.311299585622989	0.210750501734767	0.394557457753232
0.0834295514753312	0.040015499797764	0.117591919023297	0.121806288063213	0.637156741640394
0.0158899898103596	0.0641178398361193	0.2115074327807	0.086369958943953	0.622114778628869
0.0345821028125429	0.0193455780981764	0.188490661295748	0.165014457094521	0.592567200699012
0.0214426115689765	0.0247770660396277	0.156547341135668	0.100771644162502	0.696461337093226
0.0565124764019473	0.0405086074127376	0.116994947432046	0.0696179844654385	0.716365984287831
0.0300272859048472	0.0699781112198049	0.26298164047764	0.0800520479774174	0.55696091442029
0.0256337533771172	0.0351879541988708	0.145312737888146	0.118171993888556	0.675693560647311
0.0151624932405048	0.064934976496304	0.176543427184831	0.0845731430130539	0.658785960065306
0.0315476887809571	0.0248077653026568	0.241009712769455	0.210704547014344	0.491930286132587
0.0363708679815962	0.0239389535529877	0.114789056467839	0.177746431280683	0.647154690716894
0.0219950572501729	0.0291588997149926	0.198902975620339	0.224557060548954	0.525386006865541
0.0600876517078438	0.049112141389552	0.178087912544213	0.216113501855012	0.496598792503379
0.049916754584306	0.0296757181879493	0.160198819055481	0.129928495190244	0.63028021298202
0.0439050043439403	0.0458213528280213	0.142285024282604	0.171838847813814	0.596149770731621
0.0430190478025967	0.0195842854661877	0.164267965170905	0.163656404464353	0.609472297095957
0.0203639314382361	0.0477780506952331	0.289025382804082	0.124578379660137	0.518254255402312
0.0706157478673303	0.0170026284339454	0.11000812347566	0.119992376638368	0.682381123584696
0.02231757920241	0.0600872569161567	0.284597596911924	0.0942005654422753	0.538797001527234
0.0541176066395301	0.0570714817543721	0.164085314541847	0.0426615676804347	0.682064029383816
0.0396441812967575	0.0338587887917213	0.25436196040842	0.156819088050691	0.51531598145241
0.0723198518086802	0.04275106811522	0.158518549605577	0.218382598207604	0.508027932262919
0.0283456573614795	0.0445093606458453	0.189934348808039	0.119871388711404	0.617339244473232
0.0690461555925004	0.0465432616313561	0.178960390703255	0.0681073639398193	0.63734282813307
0.0612886606889409	0.0318089678445935	0.181251782696648	0.119572830820361	0.606077757949457
0.0508384761707897	0.0133668665733827	0.154259256173421	0.0906960127733735	0.690839388309033
0.100855086021309	0.00811432245108956	0.0984804938547267	0.054924404030274	0.737625693642601
0.0505083895275486	0.0307257353393916	0.146421698848697	0.0434906630886062	0.728853513195757
0.0726456993156473	0.0174370090440986	0.0845384175681289	0.0246853038740263	0.800693570198099
0.041331768030763	0.0273754506845117	0.241661751513537	0.101483312164921	0.588147717606268
0.0537064997321715	0.0293305992636441	0.141649883416595	0.109653795176601	0.665659222410989
0.0487830535064876	0.057784916841177	0.270950589007269	0.0996057778548927	0.522875662790174
0.0332717140722028	0.0529431005120778	0.216135122733506	0.049413210515162	0.648236852167052
0.0615304921246309	0.107341523891425	0.157221941098476	0.11149743549999	0.562408607385478
0.0524671375773196	0.168518323189488	0.209661505491737	0.161695050310913	0.407657983430543
0.0472619639226252	0.0204790487603882	0.174039294867932	0.158628003745087	0.599591688703968
0.0191951541968135	0.0634855441137473	0.274933119217607	0.0943187185290834	0.548067463942749
0.0443274275468101	0.0603070642285935	0.254968857510988	0.16521725574166	0.475179394971948
0.0193999528810378	0.0480337152554808	0.183165429522054	0.228201839481845	0.521199062859583
0.0737221184992054	0.0539576925255613	0.204924953677674	0.0542355736880054	0.613159661609554
0.129909052212044	0.0383681050742833	0.103165219890239	0.102063917849841	0.626493704973592
0.104075870067382	0.00844109782984736	0.0843950814997657	0.0373163511679763	0.765771599435028
0.0966850512948908	0.0232357105407664	0.0664468466159097	0.0651248309743871	0.748507560574046
0.0765901568941761	0.0358508048893017	0.107632610601444	0.106915759445289	0.673010668169789
0.0350333127199624	0.00567522159427177	0.127016929120433	0.199357383024811	0.632917153540522
0.052973632063736	0.0113513548664808	0.125206786945501	0.0237004402134082	0.786767785910874
0.0674794650698663	0.0238662350679828	0.177964752577071	0.0824656642666362	0.648223883018444
0.0345629623721412	0.0477653002120292	0.204132001886382	0.0768088296140814	0.636730905915366
0.053350995749637	0.0282254870505187	0.198119676577586	0.137852853336348	0.58245098728591
0.0410683184298673	0.0451506313790444	0.157145078526065	0.0785186330770734	0.67811733858795
0.0295054973347192	0.0463146151881435	0.242820337119994	0.015988451304429	0.665371099052715
0.0585890569467192	0.0538125792761759	0.153767459550084	0.13556057553514	0.598270328691881
0.0447764192940139	0.0369911023229209	0.170725906455914	0.157677771211159	0.589828800715993
0.0573876680147787	0.00852592215823288	0.0855894007456611	0.184801970444256	0.663695038637071
0.0538914506093039	0.001429007327223	0.123928777711803	0.36539971827369	0.45535104607798
0.051591727708414	0.0424959597930078	0.224866312000989	0.0450250398788609	0.636020960618728
0.0448786323575825	0.0112438128594435	0.074606355444102	0.220421645378551	0.648849553960321
0.0551997663418049	0.0760796408616773	0.185799757565505	0.0357566151741924	0.64716422005682
0.0669662816296994	0.0537262497478828	0.173894862432615	0.11949466337939	0.585917942810414
0.0545822552850573	0.0469600502710519	0.143257085376179	0.102217906729399	0.652982702338313
0.0320236925377819	0.0379107809266677	0.168849442632982	0.123183507425655	0.638032576476913
0.0449026642037521	0.0157470200488359	0.21864917300032	0.0674553900140965	0.653245752732995
0.0665173394461435	0.0556844763638072	0.202579962554422	0.0954382128967586	0.579780008738869
0.0530371523862861	0.0314847364631233	0.233204689006415	0.157432747976157	0.524840674168018
0.0698188831767154	0.0589427462921817	0.224052343847804	0.0977194498243637	0.549466576858935
0.0305815858075874	0.0252555018686579	0.185732547301196	0.164820980237634	0.593609384784924
0.014974791833796	0.043643733847586	0.275630569976663	0.138609035569945	0.52714186877201
0.0377472427823075	0.0328308406437106	0.188071081260003	0.111844387867605	0.629506447446374
0.0607012200133346	0.0273909361796741	0.101638866907022	0.131196516074521	0.679072460825448
0.0810120496726233	0.0450582116239663	0.157593213341317	0.129576228198398	0.586760297163696
0.0442145249689919	0.0292501701499957	0.246158254779429	0.160467439967225	0.519909610134359
0.0201637636340707	0.0308874062364343	0.160696260430593	0.0734054701491412	0.714847099549761
0.032152844170395	0.0424859870259056	0.215613200379912	0.157351457998701	0.552396510425085
0.0794961706694925	0.0209699251189008	0.0966320268236139	0.0724264025326423	0.73047547485535
0.081298414077407	0.00754401181195786	0.0688662614170799	0.0386322458621861	0.803659066831369
0.0994723589503673	0.0635416934062006	0.178744244180752	0.153181851213474	0.505059852249206
0.0461775185388515	0.0492391581139576	0.158190830300209	0.0245933720544395	0.721799120992543
0.03411935197443	0.00972838572448571	0.167250203477161	0.409561609149428	0.379340449674496
0.0353171129878943	0.0580452906587809	0.203808248214124	0.109943051463718	0.592886296675483
0.110662318955406	0.00909949635587675	0.124066751379403	0.0797806587126718	0.676390774596643
0.043052101251121	0.0135600425981634	0.343459426792278	0.116410472405455	0.483517956952983
0.0104364468899484	0.0303976885662784	0.348843361031746	0.111010190350668	0.499312313161359
0.0177502094633192	0.0623767736834771	0.146839918413087	0.0684875601271662	0.70454553831295
0.0459754253715989	0.0349690678524928	0.20287078413983	0.0704286238079056	0.645756098828172
0.0340243715531596	0.0953092061109567	0.243481096759257	0.284439505378505	0.342745820198121
0.0219264335862178	0.0288137246947281	0.185730844867938	0.292801843057099	0.470727153794018
0.0518627942078697	0.031130016837791	0.164489309176192	0.12025208407002	0.632265795708127
0.0585716098046796	0.0330331710731893	0.241781875873074	0.172922122597689	0.493691220651368
0.071915234754654	0.0294409640051154	0.139371528691455	0.110071714418276	0.649200558130499
0.0435033803960627	0.0418519624239931	0.184025920497426	0.158728041914267	0.57189069476825
0.0454929649987298	0.0194539594359166	0.121299425585321	0.0981328663140194	0.715620783666013
0.0470575845408657	0.0337882595716371	0.153063223309337	0.150197191225173	0.615893741352987
0.0279884388584535	0.0138067381278546	0.184137506239042	0.120931408830496	0.653135907944153
0.0466624900005884	0.0353354356081679	0.219974879889606	0.0336461528893368	0.6643810416123
0.0450384579160527	0.0482011183562721	0.311030379887134	0.156483462522885	0.439246581317656
0.0534667738296847	0.0247132137273145	0.165779196361384	0.236134174401261	0.519906641680356
0.03732789436705	0.074712247629299	0.342864741250284	0.0528870286882869	0.49220808806508
0.0493244530300653	0.023471550911193	0.151798556295447	0.0393254669668952	0.736079972796399
0.0326853757431007	0.0127624633375432	0.0983762453982123	0.11015460977149	0.746021305749654
0.0623195859516372	0.0498502555051737	0.181955560180583	0.0504612025439274	0.655413395818679
0.0524739655576592	0.0128174047403156	0.168495980515542	0.130768449469327	0.635444199717157
0.0731521611681236	0.0330769138498198	0.198912622483548	0.122875331951878	0.571982970546631
0.0401729093445253	0.0107020708444462	0.150305746083616	0.230710888581167	0.568108385146246
0.0378093064260165	0.0335039438408996	0.301779388917795	0.0962406105521337	0.530666750263156
0.0863764852205074	0.0675030789871038	0.135768369929525	0.0415766772137248	0.668775388649139
0.02039962828966	0.0340928468095199	0.269320691673479	0.128596442921229	0.547590390306112
0.0472526826290063	0.0237886209089291	0.192615416497554	0.0425200567777033	0.693823223186807
0.0573516281280979	0.00887179072743195	0.0893343296339173	0.0546048523990672	0.789837399111486
0.0736550415459986	0.00192103842634037	0.188232516103633	0.0537020810506339	0.682489322873394
0.0557639326804346	0.0387891752513997	0.144030149064451	0.0924312979612739	0.668985445042441
0.0384922003663029	0.0337437607439491	0.179722811735344	0.0377772671370478	0.710263960017356
0.0369537769542735	0.00371402473548703	0.0199625869130434	0.03628826512086	0.903081346276336
0.0693661905840176	0.0198718845605189	0.240468448051905	0.0995916988170331	0.570701777986526
0.0733206438163128	0.0250206021051675	0.139215909037573	0.0815598185240882	0.680883026516859
0.0203559943186207	0.0583047895996529	0.252716042077132	0.0579990585369852	0.61062411546761
0.0146946742316237	0.0301534840711714	0.184051469194629	0.230429342912627	0.540671029589949
0.0379290822694314	0.0379726440148422	0.167885991274863	0.179431282200852	0.576781000240011
0.0335458579869158	0.0609577643212309	0.193749236092043	0.124884138540459	0.586863003059351
0.0407883778486935	0.051250232318136	0.171060598447577	0.0356406799800473	0.701260111405546
0.0555353359873454	0.0574547449035845	0.146635950319347	0.198014251044219	0.542359717745505
0.0434212107169051	0.0327088374682633	0.166959262892083	0.213858491997594	0.543052196925154
0.0406370757670246	0.0329236796831716	0.175289681940949	0.17145517777511	0.579694384833745
0.0596923933279397	0.0244918431357434	0.141679516826082	0.0985953499454257	0.67554089676481
0.0454843529213747	0.0303436611413602	0.22127583120805	0.185424787999657	0.517471366729559
0.0626947728726609	0.0751773346445644	0.144869475859445	0.166896019565129	0.550362397058201
0.0433283852170041	0.0205061105616585	0.125229551697076	0.0345900018706524	0.776345950653609
0.0812828885555659	0.0355578588221433	0.113172816241368	0.0623510272384977	0.707635409142426
0.0478531939104483	0.0392925450264797	0.140143731097151	0.290783081667089	0.481927448298832
0.0321777520263407	0.0401987535706289	0.10582846259471	0.0782069459733528	0.743588085834967
0.0827257302544865	0.00602400905625492	0.0876905749210168	0.0505580845088893	0.773001601259352
0.026695530601409	0.0249076948953341	0.170465561501653	0.15754013761957	0.620391075382034
0.0566953294554237	0.0319430158710722	0.0941298987047852	0.0437643651135755	0.773467390855143
0.0315392061955179	0.0832155071982881	0.258130618078154	0.12068912043704	0.506425548091
0.0721362446553476	0	0.137167352326313	0.0325651844616608	0.758131218556679
0.109592396572024	0.0382035874167964	0.28926760103058	0.116085803577256	0.446850611403344
0.0223919895426986	0.00991302454972299	0.0724457038172485	0.00778701481638938	0.887462267273941
0.0380029839870987	0.0116381521392533	0.169935061214901	0.0989021916463414	0.681521611012406
0.0504447436844459	0.0332283196425284	0.246657227047225	0.16368108791862	0.50598862170718
0.0393640840991319	0.0337997040529563	0.157423177432323	0.132983587275295	0.636429447140294
0.060152202818709	0.138940837765289	0.299667789853129	0.0585912513747152	0.442647918188158
0.0657892010658133	0.0424049794806316	0.185419504837001	0.143494981331047	0.562891333285507
0.0423595939900556	0.0373978932944649	0.208789657114091	0.122413434240223	0.589039421361166
0.0496621829854702	0.13119467652253	0.202507616875579	0.207562212251813	0.409073311364608
0.0480831091507839	0.0244122832779293	0.263344442082301	0.0956108679051596	0.568549297583826
0.0553994740918778	0.0208195631999635	0.189023218536691	0.0773221837415264	0.657435560429941
0.0709028275272172	0.0284547169415938	0.095443917432348	0.0536157109095796	0.751582827189262
0.0701286109737892	0.0337704877789811	0.118564479523799	0.0457553485250828	0.731781073198348
0.0519575222244367	0.0678128657432989	0.206572444956044	0.0219046945170988	0.651752472559122
0.0894127938336074	0	0.0122952633889569	0	0.898291942777436
0.0990440581050292	0.0140270649288307	0.21604339407982	0.0430338684906977	0.627851614395622
0.0797321213516488	0.0239275668480941	0.132937201004182	0.0845022709099048	0.67890083988617
0.044425505900222	0.0208438587162734	0.182815007317539	0.107078949631451	0.644836678434514
0.0354593536856767	0.0365139978770777	0.21858788604797	0.0962871810315641	0.613151581357712
0.0403819603061849	0.0358774442914942	0.184696299064106	0.108363224363757	0.630681071974457
0.037417248385987	0.00844864142223032	0.160889433506815	0.287814461798732	0.505430214886236
0.0583909940855399	0.0429178503773352	0.177527532958649	0.0837828976553396	0.637380724923136
0.0265003059376555	0.0334897239820094	0.036918727478166	0.0259744778960403	0.877116764706129
0.039979663701962	0.0504801167163702	0.13698623151074	0.0927332214170204	0.679820766653907
0.0241102215342394	0.0743983374375786	0.316990012159356	0.112469030598312	0.472032398270514
0.1373197052293	0.0526509343355133	0.203803285917716	0.213687593304365	0.392538481213107
0.100795058755384	0.0586798642702065	0.275874909357517	0.105690991005243	0.45895917661165
0.0370390878814136	0.019733759373789	0.0652756699297533	0.0241484879850378	0.853802994830006
0.0604107380383263	0.0315240659212767	0.135014989820421	0.114890578833165	0.658159627386812
0.0531274333324766	0.0207632479542561	0.142941248539329	0.0959264983414414	0.687241571832497
0.0580065251089298	0.0363852720842232	0.185809464384476	0.0689316769549465	0.650867061467425
0.0722704422615466	0.025183989693893	0.0858816832487371	0.0893203135911465	0.727343571204677
0.0258727970445149	0.0160962872768311	0.0907491223149195	0.118847278147347	0.748434515216388
0.0377165772080863	0.0304863330876897	0.249000237517777	0.120235038118156	0.56256181406829
0.00594871653425326	0.0141024911227633	0.0645651688131727	0.102651967072298	0.812731656457513
0.000377216197816218	0.0442316129988306	0.245180017631151	0.144713032576865	0.565498120595337
0.0585534621317687	0.0702508383613863	0.213809974555929	0.0403460685262636	0.617039656424653
0.0641387845866574	0.0354269587754968	0.168452295455897	0.0734435247478492	0.658538436434099
0.0575879044914111	0.0316586752698301	0.146110732658138	0.221291935620138	0.543350751960483
0.0525858222801445	0.0314591358109441	0.185558080119152	0.160609385579232	0.569787576210527
0.0506906063199667	0.02073554537145	0.172935187153323	0.0266564085327873	0.728982252622473
0.0469930666670502	0.038339011897916	0.212082668280709	0.0700453633096261	0.632539889844699
0.0643269457375409	0.018016677057583	0.113405383587868	0.0531451986836551	0.751105794933353
0.0515219913152541	0.00704697046373452	0.0497756041910423	0.00977449293554861	0.881880941094421
0.00086629954112771	0.0351889164269144	0.38316660088925	0.155185776913841	0.425592406228867
0.0524088689280997	0.0359408154236248	0.137534076845107	0.116522571986348	0.657593666816821
0.0490755224584314	0.043855293433016	0.24312833814733	0.135013774137608	0.528927071823615
0.0528982038306016	0.00849423575621826	0.0891595901625203	0.0592053808498204	0.79024258940084
0.0151586943039078	0.0369243626468865	0.211864228516758	0.160309717196571	0.575742997335877
0.0333318149243763	0.0497173203500109	0.217836909456206	0.155494585492554	0.543619369776852
0.063268518062553	0.0404441459390645	0.17691622707671	0.141708189607675	0.577662919313997
0.0433323778442485	0.0191671237227784	0.325153507863301	0.109219146069858	0.503127844499814
0.0878334618069691	0.0682156579261198	0.166754986108262	0.129777191199543	0.547418702959106
0.0722536219097027	0.0300297290786916	0.11263894439672	0.0501694839037153	0.73490822071117
0.0241980561022071	0.0571407633751101	0.318528230461717	0.111609665616497	0.488523284444469
0.0336963341060258	0.0323358088676796	0.226992108512873	0.160443058301063	0.546532690212359
0.0698643938259335	0.0343276545708238	0.155387980689772	0.178375340744702	0.562044630168769
0.0651285702795276	0.0365939709295026	0.157615855023688	0.169200086918762	0.571461516848519
0.0609894806595639	0.0439510651296669	0.135029174472982	0.0889434104992954	0.671086869238492
0.0624441773955958	0.0319048743432333	0.16264493042395	0.0817257383498643	0.661280279487356
0.0509589660771703	0.0354368203109039	0.174460075731367	0.244880457764958	0.494263680115601
0.0598015336551631	0.0280991077638701	0.247571593569168	0.155761144985038	0.508766620026761
0.0730766605253528	0.0460377638379833	0.217326134702185	0.118954236453368	0.544605204481111
0.0479466103214367	0.0389209017388766	0.178372033569739	0.0917870893522553	0.642973365017692
0.0196684024462625	0.048564866197397	0.160952321233047	0.185335837116227	0.585478573007066
0.0736490358966425	0.0203169408599073	0.126876848180861	0.199032680125888	0.580124494936702
0.032221630801044	0.0714315928325142	0.340018116590963	0.0953242453149282	0.461004414460551
0.0717712597936964	0.0647685671282874	0.200238110047327	0.226252683384571	0.436969379646118
0.0430343347888808	0.0511640659307147	0.213640014795253	0.216462000952302	0.475699583532849
0.0348323362016503	0.0100171002080119	0.080323795941785	0.220881703919996	0.653945063728556
0.0561687954029619	0.0363362625545983	0.162971435539509	0.0573842361552784	0.687139270347652
0.0640668498695753	0.0593579091427095	0.173102908763774	0.122763944502759	0.580708387721182
0.0368441491999944	0.037870194736639	0.141507128859355	0.139282911411178	0.644495615792834
0.0849553583207811	0.0351460384391685	0.21707794411149	0.0732692448478554	0.589551414280705
0.0139404699707494	0.0640472667159051	0.280615303846223	0.140369190697384	0.501027768769739
0.025088045666664	0.0440191371803665	0.217652201587625	0.135881984663799	0.577358630901546
0.0803420076331103	0.0306145987037127	0.147899668643931	0.0513020346497851	0.689841690369461
0.0364907704332477	0.0459489169091085	0.210414377934251	0.0585515189313784	0.648594415792014
0.0568684112241123	0.0240469015442426	0.119088646438459	0.0996014073678126	0.700394633425373
0.0436045074346768	0.0780178893546939	0.303741594268951	0.159964027333385	0.414671981608293
0.0673035475142816	0.0906946486219155	0.29537230950146	0.10286206702335	0.443767427338993
0.0118469985531624	0.0137806103513428	0.172015545803328	0.276476550127683	0.525880295164483
0.0333533152695129	0.046355796149467	0.183355877841393	0.209756548273098	0.527178462466529
0.0896240295518593	0.0560089807331351	0.205337309822836	0.158438040728306	0.490591639163864
0.0599233901009766	0.011966209840908	0.0915485877417318	0.0588164937254016	0.777745318590982
0.0538136350317017	0.0471271048760478	0.120161675171307	0.163813207344609	0.615084377576335
0.0576753681767567	0.058357635252955	0.181920782782702	0.0955887085995703	0.606457505188016
0.0684324685099983	0.0370895036272449	0.196617288990402	0.153189240001693	0.544671498870661
0.0575393682295915	0.0263753045515247	0.268270493975666	0.1091121466284	0.538702686614817
0.0544256929245065	0.00911308895654828	0.0360665779670379	0.141265769748059	0.759128870403848
0.0829353030171011	0.0172470762706579	0.0751634933289746	0.0389916192890754	0.785662508094191
0.0623430979500653	0.0109799254339083	0.105486046660535	0.00420512804627592	0.816985801909216
0.0577679169892739	0.02135163419079	0.1286180977813	0.177885830158844	0.614376520879792
0.0455602456628788	0.0190777337662018	0.156354966963541	0.172235507609996	0.606771545997383
0.0624746546769921	0.0133245926507537	0.0272832175552157	0.0114912001038235	0.885426335013215
0.069325584078978	0.0353070485307447	0.243917184829218	0.128217062887848	0.523233119673212
0.035743411437614	0.0208623660531957	0.243389946277529	0.0987603138607697	0.601243962370892
0.0260818429377467	0.0541636166363903	0.256577281388643	0.136504307119346	0.526672951917874
0.0599533329370113	0.0303948436047214	0.249639323664136	0.113694552083446	0.546317947710685
0.0309959271507059	0.0666048691967846	0.322001205844887	0.171803282187667	0.408594715619956
0.0389863941955123	0.0702771724475486	0.220241729557773	0.0488723868992759	0.62162231689989
0.0577822336743719	0.0292391175229738	0.121318088793936	0.11811436731709	0.673546192691629
0.081630098330232	0.0373533649112951	0.0976312657687852	0.0199093839367303	0.763475887052957
0.0639769142530106	0.0379233133133274	0.214309395356366	0.211637747664822	0.472152629412474
0.0616692626161736	0.0318726522717269	0.192562612820133	0.161557401232738	0.552338071059228
0.105248895518855	0.0267250571824507	0.178633651705502	0.0917277347717481	0.597664660821444
0.0106638255246415	0.0533445807549425	0.435409644077004	0.085073189996993	0.415508759646419
0.0873873396499171	0	0.114225913210616	0.191203885423143	0.607182861716324
0.0417203265964842	0.0296267679774617	0.176569579872146	0.220359218405143	0.531724107148765
0.0616266966565077	0.0392947040628565	0.13840159525794	0.155418088911057	0.605258915111638
0.0587972535171493	0.0183128456401488	0.0876411959663745	0.0700470784688395	0.765201626407488
0.013040556383048	0	0.119697783949171	0.0151969712662311	0.85206468840155
0.0347364067303148	0.0185753492889015	0.154616933640714	0.0812792804705485	0.710792029869521
0.0847966783633203	0.0238265681214983	0.0761241596490792	0.0720629745972874	0.743189619268815
0.0546619610107181	0.0300742678563738	0.160854003554895	0.306090533475086	0.448319234102927
0.0612677936452542	0.0212142498163332	0.0672804613057992	0.172365674837643	0.677871820394971
0.0461167967526546	0.019020916228843	0.119978243130157	0.0574910068437666	0.757393037044579
0.0388918901891455	0.0617768817325842	0.182587441047954	0.10562846929813	0.611115317732187
0.0621068048091503	0.0796293065189878	0.237958253988504	0.247690651255245	0.372614983428112
0.086070397867393	0.0157043399982878	0.1348381546318	0.163231767762358	0.600155339740161
0.000502501822809439	0.0656399246926725	0.307282758894355	0.224547878766416	0.402026935823747
0.0341240596604105	0.0365376273900392	0.123761661637748	0.0553223865869343	0.750254264724868
0.0481539780126429	0.0238162173768614	0.134623134575889	0.0467878858945202	0.746618784140087
-4.36528028948787e-19	0.0877876321102402	0.205685993847481	0.167214231651166	0.539312142391113
0.04635404000711	0.0781314048033508	0.218819280626953	0.0831428384265978	0.573552436135988
0.0176618146299735	0.0390133287676968	0.29455029006954	0.102110968500799	0.546663598031991
0.0405141463835102	0.0203735354636034	0.206579666705694	0.13444840620148	0.598084245245712
0.0744964348381139	0.0390644956622023	0.202803957377472	0.145063042990771	0.538572069131441
0.0694377543446522	0.00751678747911946	0.0813577827351156	0.0191443061676263	0.822543369273486
0.0185247594529505	0.0579719217041839	0.212795003162153	0.0989524096402001	0.611755906040513
0.0612415068316641	0.00244300721831222	0.238796096049829	0.0991717557969464	0.598347634103248
0.0400770981341993	0.0683069458834244	0.274513437258438	0.0922652072355268	0.524837311488411
0.0478726160510586	0.00854658003825915	0.190375976139708	0.136448621229752	0.616756206541223
0.0465277546212431	0.0206485801118039	0.160956576227537	0.190124973388225	0.581742115651191
0.00259901426061381	0.0525629551853023	0.326340106514744	0.134441785954446	0.484056138084894
0.0508859512986942	0.0880285484856784	0.3242251146276	0.0352317429869327	0.501628642601095
0.0720940661731906	0.0176915912111355	0.138522893487769	0.266560125386506	0.505131323741398
0.0202813877989133	0.0563134041339073	0.231380810709214	0.084833818470742	0.607190578887224
0.0770627073128232	0.0167857489260164	0.158318541924416	0.105026355547463	0.642806646289281
0.0246589538559344	0.0804904508241838	0.241397364062151	0.126953682699747	0.526499548557984
0.0470297879769973	0.0708342729088201	0.300601310082508	0.108086148791118	0.473448480240557
0.0515337299069308	0.01853058111128	0.151563510964484	0.131874956097461	0.646497221919844
0.0572369378867462	0.0421847389132786	0.249148875415182	0.0972337053822441	0.554195742402549
0.0563112457959888	0.0251580853497204	0.210006820793166	0.141303702949195	0.56722014511193
0.0134821954148353	0.0285002157204335	0.215407214858651	0.262788732227875	0.479821641778206
0	0.0974265603260888	0.327537401147093	0.105624957168791	0.469411081358027
0.035161982606063	0.0348578691428485	0.31229565171384	0.0697446850634822	0.547939811473766
0.0585279232676638	0.0333658445866541	0.287135834514445	0.151970446920393	0.468999950710844
0.0314142604386893	0.0326079494827937	0.0802366924299454	0.0256194410384471	0.830121656610125
0.0421578447372497	0.05967124453837	0.254093646595593	0.141159091902604	0.502918172226183
0.073513560782345	0.016982167028685	0.111489977560717	0.0380440232061243	0.759970271422128
0.00424294385780455	0.0455031857525445	0.239647982035796	0.0324853543444125	0.678120534009442
0.0102168788284941	0.0471260769884992	0.169914321624857	0.135370983709017	0.637371738849132
0.0527077056039234	0.0341987120364084	0.131954621262388	0.217928885222621	0.563210075874659
0.0324249965679531	0.0268009367858104	0.128969988748713	0.135549331681592	0.676254746215931
0.0350210255506349	0.0211587158921695	0.13364123120038	0.0952675723608293	0.714911454995986
0.0279236816433156	0.0380931880393017	0.183726722457178	0.10447686822695	0.645779539633255
0.0456831106152174	0.0183322240688503	0.188604894851494	0.205673564953783	0.541706205510656
0.0573582429933902	0.0163011181267657	0.142417336439626	0.074014711627121	0.709908590813098
0.0954561985370251	0.0367555243887366	0.0387764006684375	0.0105836601868296	0.818428216218971
0.0752458181826279	0.0847480619231803	0.143389182423915	0.0900227161428138	0.606594221327463
0.0597399683325842	0.0288192824299725	0.127360031812684	0.0552406938034719	0.728840023621287
0.0604787177200284	0.0357924300643067	0.120891875611776	0.0769954211979365	0.705841555405953
0.0576667316270949	0.0323551511515234	0.109469055188917	0.0743445707421155	0.726164491290349
0.0261665709448545	0	0.0118757877048105	0.00779928433241645	0.954158357017919
0.0308394642237523	0.0831465998921752	0.1714569395091	0.212520065458838	0.502036930916135
0.0651023935224637	0.0197665015624859	0.244407561911588	0.070535154756452	0.60018838824701
0.043005064613367	0.0180111770751408	0.0562356421558578	0.0227842094492431	0.859963906706391
0.0489647633060073	0.0179716499162628	0.227695138461356	0.104356874003062	0.601011574313311
0.0364837038851723	0.02097522210163	0.109506634147507	0.118321952394421	0.714712487471269
0.0236283484524516	0.0367958782661614	0.0362174787134502	0.127408314547536	0.775949980020401
0.100941405572928	0	0.0226825756505691	0.0264484913065763	0.849927527469927
0.0383647958368616	0.0791016655479116	0.137598480871102	0.0671171351460028	0.677817922598122
0.0690315764250673	0.0185242083871546	0.101821271072064	0.074537068326483	0.736085875789231
0.102773553383497	0.0104124884774091	0.0710084539007637	0.0734240028971202	0.74238150134121
0.0502801256259436	0.0502935312062475	0.294783821101647	0.0543884037887904	0.550254118277372
0.0522736139945224	0.0193443813309319	0.153391588183709	0.119327404438399	0.655663012052438
0.110189767537032	0.0403227086537542	0.0703352689864608	0.0798271105040983	0.699325144318655
0.0978315945294392	0.0271321486005291	0.169850359107502	0.0660584564537057	0.639127441308824
0.0761513503644964	0.0160248626547158	0.218358123483822	0.0753882105051788	0.614077452991787
0.0528747315237482	0.0329617056292698	0.0422968287651707	0	0.871866734081811
0.0365157962926935	0.00064040237714515	0.0594444345544077	0.077899266935117	0.825500099840637
0.0324221694323369	0.0300722262002764	0.214517722356304	0.0273960689476113	0.695591813063472
0.0833440294325926	0.0336983391839687	0.168480486759373	0.209864564204204	0.504612580419861
0.0438259786274755	0.0480638884697104	0.19064160965344	0.172000807311339	0.545467715938035
0.0856528992338826	0.045017185786446	0.109110842556669	0.0494141235110868	0.710804948911916
0.0826591677593379	0.0205390029765372	0.0771617909428722	0.0853648617104353	0.734275176610817
0.0630091709551205	0.0339053821522755	0.0823975371251217	0.0696244180747771	0.751063491692705
0.111149431210878	0.0291483736506437	0.146737568320264	0.0998605827321802	0.613104044086034
0.0337592991611102	0.0469485621081713	0.247323262212867	0.106715108991505	0.565253767526346
0.0716444831253997	0.00734232659318182	0.103608267755109	0.0112814897112173	0.806123432815093
0.0338851048030207	0.0867789630836757	0.215083371420766	0.0477387292856458	0.616513831406892
0.0549570163946718	0.062261371937963	0.257095179207715	0.0845012834227103	0.54118514903694
0.0653972283963491	0.054496489647053	0.193758847506712	0.110744996239869	0.575602438210016
0.0256445972633345	0.0159078957199125	0.184644228893067	0.27791579046268	0.495887487661005
0.0726685144508395	0.0239869620156269	0.136173012493439	0.117022573906708	0.650148937133387
0.0640081668244556	0.0190540002576445	0.244425142135637	0.0606458696428938	0.611866821139369
0.0247906212811387	0.0560313375611624	0.237371834586805	0.233628751267327	0.448177455303566
0.0575209928221945	0.0459665153373334	0.180403491277283	0.141156749460083	0.574952251103106
0.0754865168078822	0.0344617152961932	0.29176358718048	0.122872797032598	0.475415383682847
0.0229191761402904	0.0218328587929157	0.245792004997361	0.058409182345332	0.651046777724101
0.040304864234024	0.00204932424647138	0.179041188267498	0.114642130849045	0.663962492402961
0.0634169522802835	0.0403270405626828	0.186090126064012	0.102256809592868	0.607909071500154
0.034223300211198	0.0584405186217783	0.160170895982896	0.152905310306553	0.594259974877575
0.0196300899743433	0.0325226917212808	0.196541674291553	0.0680616686951042	0.683243875317718
0.0848876250379057	0.032550252282292	0.15194138961271	0.155263991587074	0.575356741480018
0.0432091039735156	0.0555034970157342	0.179885562092368	0.0744318133843814	0.646970023534001
0.0573644863375818	0.0150040375684205	0.126477567799429	0.0446446109832999	0.756509297311269
0.0414770830574629	0.0268303757117734	0.0812296673136473	0.0784876337090982	0.771975240208018
0.0520073238058777	0.0355777459515533	0.126596103901491	0.105665193494281	0.680153632846797
0.0355135847040227	0.0394096322918123	0.165502233000667	0.146981559578685	0.612592990424813
0.0323682547401957	0.0320221127050493	0.220362755126451	0.0547113298216588	0.660535547606645
0.0640918036585004	0.0159524033485122	0.0955284315573269	0.077472879392015	0.746954482043645
0.0217566530993687	0.0154173845545554	0.0492767626623049	0.00558394810104249	0.907965251582729
0.0611972626480374	0.0453786423936457	0.16125527374742	0.0903721216417262	0.641796699569171
0.0603568701802811	0.0485951866276205	0.222246181933162	0.154962654792114	0.513839106466822
0.0371280035352859	0.0288898212787496	0.178123543740658	0.152413715928464	0.603444915516843
0.0499728406164077	0.0553738036218889	0.179731639978807	0.0678744673087428	0.647047248474154
0.0443039743169169	0.0376954837492582	0.166034882182662	0.192327421996937	0.559638237754226
0	0.0441388309732327	0.287338367598829	0.263839387311547	0.404683414116391
0.010271893950403	0.0445745625983932	0.402522168232195	0.22605594443322	0.316575430785789
0.0422734355407458	0.0332245995696515	0.223438435420409	0.199767070837461	0.501296458631733
0	9.32814983784346e-21	1.57777749715517e-17	0	1
0.0413868380032538	0.0262600271300977	0.156581005569149	0.0829113871956179	0.692860742101882
0.050860845689309	0.0161565953946271	0.0868307737530454	0.0299871926019401	0.816164592561078
0.0457117567471657	0.00914457664719206	0.08857774904287	0.0127427653261385	0.843823152236634
0.0838396930862827	0.0100970909961548	0.120636274788423	0.140328256429233	0.645098684699907
0.0577532895146574	0.0116394514808235	0.0680326620384665	0.0488442506227447	0.813730346343308
0.0323065565657095	0.0450497890344328	0.127490600071276	0.0816582579482241	0.713494796380357
0.0412947822779482	0.0304187543256937	0.0980582326888801	0.0185747775945825	0.811653453112895
0.0554412739957134	0.0204507305372422	0.109072290399768	0.0845263737200522	0.730509331347224
0.0724922105722832	0	0.0459134557259333	0.0455696593753839	0.8360246743264
0.047882496867925	0.054951138525802	0.112913290194929	0.110607095594477	0.673645978816868
0.068439390934052	0.0346631204937384	0.144439469917162	0.0500596745855013	0.702398344069546
0.0708299489129593	0.0115562039257504	0.0620362643890961	0.0178141583231299	0.837763424449064
0.0576294642716798	0.0194442251636282	0.141424920381574	0.107148882543854	0.674352507639265
0.0736900521112002	0.0160409095014499	0.126265850211451	0.0395608324809088	0.74444235569499
0.0553629712586997	0.0277739705584421	0.0924622004369216	0.00876240311655329	0.815638454629383
0.047496988532209	0.0142671325817762	0.102055104701106	0	0.836180774184908
0.0566476654606113	0.0484448900362539	0.217681207697829	0.0469041474519516	0.630322089353354
0.103686144855219	0.0126989311388587	0.0819342294701838	0.0361373124340892	0.76554338210165
0.0646699689009185	0.0171930607807308	0.144998604134831	0.13682257122065	0.63631579496287
0.0206355621742966	0.0192225799955497	0.338569775796789	0.0602488319422094	0.561323250091155
0.100214420201597	0.03170210846134	0.21790387764653	0.234394361009027	0.415785232681506
0.0313734716164624	0.0399024050169229	0.258463523358536	0.0485492189909945	0.621711381017085
0.0573387745439886	0.0285907342904519	0.149801150140874	0.242571088517445	0.521698252507241
0.0427133788754322	0.0386703793132007	0.25336666982281	0.114327472112788	0.55092209987577
0.0244613007896161	0.0578375248004418	0.249223072792898	0.119882424423964	0.54859567719308
0.0337771851851846	0.0144757901077797	0.127959048337464	0.0450729629724659	0.778715013397105
0.0903884213864544	0.0285589497395446	0.172476936969586	0.053378139349773	0.655197552554642
0.0505841150229529	0.0476405448122939	0.162505544918849	0.233600384042392	0.505669411203512
0.0915430287357087	0.0286097475385128	0.135482455416894	0.0391921506694618	0.705172617639423
0.11596267319422	0.00867644607594979	0.0923823272192885	0.0421381484650395	0.740840405045502
0.0249330455920899	0.0378841423054002	0.17644658096318	0.066706645454501	0.694029585684829
0.0625608712058197	0.0792365072544815	0.191508790559865	0.100010581060217	0.566683249919616
0.0726189679837772	0.0589337184505326	0.324635571095287	0.154075500897239	0.389736241573164
0.0829762662082905	0.0450343823244306	0.217096466278392	0.083183353071042	0.571709532117844
0.0358274252982653	0.0145931860878351	0.0490363187644028	1.05346690246612e-06	0.900542016382594
0.0681133313653353	0.0520143286720839	0.17616009725743	0.139175814693651	0.564536428011499
0.0993626349481587	0.0270837828103351	0.162601583790513	0.109590243849044	0.601361754601949
0.0473757195315709	0.0465088580094418	0.244586913218309	0.0856568514168929	0.575871657823785
0.0263116978804005	0.034531936245782	0.230968895265464	0.120626062392302	0.587561408216051
0.0472136398037065	0.0298848946886783	0.0922331888967145	0.0981268459563996	0.732541430654501
0.0476752956130108	0.0541960749965377	0.207490741231559	0.0863100500189416	0.604327838139951
0.0178861660827026	0.0302198417454126	0.260183439516132	0.0686959037389432	0.62301464891681
0.0466554405597665	0.0579828435684505	0.246959563424023	0.0924652783111138	0.555936874136646
0.00985606850319362	0	0.176880494572422	0.354476638282407	0.458786798641977
0.0339235135193441	0.0104103250723808	0.093880071748439	0.0986060469204498	0.763180042739386
0.0487443612139952	0.0276342989751102	0.0917652980745899	0.0169214967725009	0.814934544963804
0.0522567435156538	0.045619986296351	0.136328154482497	0.0826679001852766	0.683127215520221
0.0647827391453441	0.0293509813510605	0.0635620501443211	0.116922211320397	0.725382018038877
0.0463701409424335	0.025793536317225	0.213513753008707	0.134546016343152	0.579776553388483
0.0416524317756014	0.0139614298967359	0.0562923548309716	0.143342653838125	0.744751129658566
0.0299568828001698	0.0104615220128841	0.175696464852544	0.132307347987902	0.6515777823465
0.0425079932124205	0.0269204218145422	0.135355917151661	0.0288824236911938	0.766333244130182
0.0477563465388742	0.00841484647645506	0.068803868037269	0.0498902771184034	0.825134661828998
0.0420795273086279	0.0107461711545609	0.0993291945071064	0.0897034263328134	0.758141680696891
0.101734357089624	0.0120622087829589	0.112973741857235	0.064300454567025	0.708929237703157
0.0190114913749444	0.055388905180993	0.177590274178242	0.152112293171013	0.595897036094807
0.0683444233885297	0.0355682314325567	0.223630027666141	0.169813015257694	0.502644302255078
0.0441716792466416	0.0619810984744777	0.23055017582608	0.0430375511582304	0.62025949529457
0.0867631652979279	0.00244105230769578	2.66071449460346e-18	0	0.910795782394376
0.0479137080572321	0.033602752716657	0.139174174417418	0.0813115527992099	0.697997812009483
0.0388367346942638	0.0298310857239099	0.0883135830545971	0.0113793533042973	0.831639243222932
0.0533275367590816	0.104410534481153	0.153648001872794	0.114405236893274	0.574208689993696
0.0481794487961374	0.0288612474612102	0.231118726210625	0.0636916537047437	0.628148923827284
0.0888826015878469	0.0085689859456595	0.0474592974304514	0.00094332307099442	0.854145791965048
0.0546475151262531	0.0355586925847338	0.171148853765646	0.124339302129028	0.61430563639434
0.0370316988476916	0.00501421783190767	0.00727766517411869	0.0121771651231477	0.938499253023134
0.0403013768330835	0.0322219452282982	0.167026669015316	0.109209755006689	0.651240253916613
0.0515974365083458	0.0171727841384611	0.131734081888098	0.144896793766776	0.654598903698319
0.0814780228684015	0.0227541404422357	0.0869720076456163	0.0553763771228085	0.753419451920938
0.0296626607064664	0.0214459598849033	0	0	0.94889137940863
0.0709974092503692	0.0221012899290391	0.119207637204248	0.159727319699591	0.627966343916753
0.0244068033811192	0.00605464766412463	0	0	0.969538548954756
0.034222637479796	0.00693317556245607	0.0334706226421068	0.021192639796855	0.904180924518786
0.0500793590530403	0.0385618844534259	0.213365048393965	0.0940180800912312	0.603975628008337
0.0919269917033553	0.0219917959909096	0.11123343066889	0.00682121669162567	0.768026564945219
0.0994797419691431	0.00480188317145529	0.119312486057023	0.13956790175798	0.636837987044398
0.0594898376555461	0.0472200532970486	0.172096021525012	0.0300412012847833	0.69115288623761
0.0404062661258843	0.055316320600862	0.210144885887312	0.0818462799315632	0.612286247454379
0.0815018519690714	0.0445638312370589	0.171306376023574	0.0658773740432577	0.636750566727037
0.109176911689703	0.0772742608025369	0.237840490464068	0.0318133251389673	0.543895011904725
0.0642717580558175	0.0209454006301125	0.112457558882178	0.086542472126407	0.715782810305485
0.0584078139901792	0.0185208718551444	0.134147484765595	0.0984856997258176	0.690438129663263
0.0499604323417514	0.0477493174812977	0.182861723897711	0.0921418805226696	0.62728664575657
0.03751291591678	0.0300183620787884	0.0999911018513302	0.0960705965287345	0.736407023624367
0.0286758996435774	0.0424487940143759	0.149825443330149	0.122287912411739	0.656761950600159
0.0506770299377322	0.0711259457627952	0.280337851341951	0.100424403622833	0.497434769334689
0.073497925172002	0.0868956465396048	0.245570798180777	0.122351680068461	0.471683950039156
0.0856008663770405	0.0628818497264668	0.197516635719608	0.100525892962451	0.553474755214433
0.0565300307228336	0.017120061473556	0.129873958511618	0.102443102936718	0.694032846355275
0.0220630216740014	0.0852153976069864	0.272826666948776	0.217659656028874	0.402235257741362
0.0775614890278099	0.0470934372229511	0.223368664768775	0.0721400351120325	0.579836373868431
0.0591847526075665	0.0799633198177592	0.226144215857011	0.0745182326333323	0.560189479084331
0.0591237152501789	0.0484476479379056	0.16408441895011	0.136915140774969	0.591429077086837
0.0782351032149936	0.0266412921977634	0.180445002817548	0.0784170779800639	0.636261523789631
0.0741325814166566	0.00421396129593518	0.103802756177563	0.112292198324803	0.705558502785043
0.0631546138042128	0.0597096668672335	0.154466352110125	0.0384548921006589	0.68421447511777
0.030423773526757	0.0145973476425398	0.081961525624415	0.0802461913195826	0.792771161886706
0.0951393507049587	0.0653739889467649	0.159011895621904	0.0812375643335756	0.599237200392796
0.0332566685686613	0.0301943096593162	0.0937316139684017	0.0713331239342153	0.771484283869405
0.037740204720641	0.0537715762837704	0.165402812132714	0	0.743085406862874
0.0404500236498784	0.0280432666789719	0.128247853000152	0.0800579745497049	0.723200882121292
0.0263736485384662	0.0648108564465587	0.205420918796885	0.14033619070892	0.56305838550917
0.0648868118206659	0.0380106106065084	0.0963460506886434	0.00681627303676822	0.793940253847414
0.069640076230826	0.0221863936816074	0.217118780596121	0.212569168340052	0.478485581151394
0.0220966877208984	0.0590839323707295	0.282268940553596	0.119810303629597	0.516740135725179
0.0523403182688045	0.0531331984635712	0.228227118858311	0.147760702979261	0.518538661430052
0.0550494804457836	0.0351314851410181	0.155973133382877	0.280886621677362	0.472959279352959
0.0220800439024137	0.0466378128671782	0.279816371729717	0.260041356897011	0.39142441460368
0.0770337307616831	0.102799156073255	0.264499437437766	0.0887239207232806	0.466943755004015
0.0906571005527948	0.0608765898909749	0.113844753794159	0.126804086899286	0.607817468862785
0.0627600772013325	0.0296368776807488	0.081979230487185	0.00828016453038722	0.817343650100346
0.0547047153535513	0.0243234211839408	0.22801854749012	0.10165337480497	0.591299941167418
0.0651218944037151	0.0238106292762764	0.0579289735294711	0.0406644310926485	0.812474071697889
0.0625781632646468	0.0326463561738447	0.0704910089376835	0.0279375554513553	0.80634691617247
0.0473829980636777	0.0212073631189068	0.126070397262452	0.0353402097875956	0.769999031767368
0.0722272577583157	0.0575940083680909	0.125557206548812	0.111399115572096	0.633222411752685
0.0415729998761333	0.0841824343368482	0.244963727151546	0.175467164726471	0.453813673909002
0.0361695882195162	0.0678869021215504	0.270931461401569	0.0874747142430261	0.537537334014338
0.132065961812755	0.0548640970150945	0.11708947691043	0.158607490491958	0.537372973769762
0.0350368353632911	0.0460639804763001	0.200735675998388	0.096388425624419	0.621775082537601
0.0418665986859938	0.0876245290727104	0.139874737873824	0.123965923562813	0.606668210804659
0.0404162096486292	0.0435794977761538	0.122574959049645	0.130521873952058	0.662907459573513
0.0827462077904237	0.0273345617110696	0.127108194872224	0.0146225808852072	0.748188454741075
0.0491329932591634	0.0597162263702421	0.206346899887974	0.0787017053259215	0.606102175156699
0.0615091878436041	0.0334716839574088	0.10686123476543	0.0354354855169422	0.762722407916615
0.0335118158268875	0.0559525630394201	0.242455019261422	0.0279480984573164	0.640132503414955
0.0316181133534511	0.0181559658651923	0.106420885910697	0.12521502951283	0.71859000535783
0.0294947984591495	0.0205012802186074	0.0596391983358763	0.0566619195917191	0.833702803394648
0.066210336254941	0.0344123736826611	0.234157109194536	0.103533005433072	0.56168717543479
0.0284536236130063	0.0264206205883848	0.17951051589684	0.143845794855798	0.621769445045971
0.13964419216967	0.0465622827393543	0.14142428321984	0.0844817714329871	0.58788747043815
0.0659325556535364	0.017345391784943	0.19753109305296	0.159064773948371	0.56012618556019
0.104238068687005	0.0727298560691863	0.0961825088765596	0.0789320989402815	0.647917467426967
0.0396314696722544	0.0201032243632922	0.101129343034706	0.0730207609462058	0.766115201983542
0.0662407243003478	0.0351065589083852	0.129234674944678	0.203852021451758	0.565566020394831
0.0612320704908603	0.0222970532334704	0.149208837352227	0.273918790595533	0.493343248327909
0.0266974320687212	0.0523060684615809	0.122136056522026	0.134020981266489	0.664839461681183
0.0686593248066312	0.0316031231180867	0.0925587376753696	0.0160336185497671	0.791145195850145
0.134519859878127	0.0195478529943321	0.187566678870892	0.0615768052168767	0.596788803039771
0.0682916764185212	0.0499405634793072	0.127533174788858	0.0445183286529925	0.709716256660321
0.0642715315832342	0.0304270014818749	0.141622519033503	0.0361891993663448	0.727489748535044
0.0356901027811464	0.064696709619234	0.186070205869764	0.221330929951156	0.4922120517787
0.0670479187813129	0.0212816301293542	0.123756445671841	0.144339555710831	0.643574449706661
0.0563406708548451	0.0173708611320548	0.106517520356087	0.0699652071823096	0.749805740474704
0.0696907850514149	0.0348389030212177	0.15138290532764	0.0409280954041364	0.703159311195591
0.0306270389155582	0.0249218347024407	0.117330973660313	0.0285488593595172	0.79857129336217
0.0316128114338969	0.0282423875887014	0.131535857812712	0.0803527556331095	0.72825618753158
0.0403726549345317	0	0.178427916593545	0.0582561767674291	0.722943251704494
0.0472126842502444	0.0295782502376606	0.148606981745601	0.0581620017408756	0.716440082025618
0.0377751538162118	0	0.17157287490762	0.0271896592824515	0.763462311993717
0.0393999594622483	0	0.0403418766445007	0.0999614150599974	0.820296748833254
0.0677278171974296	0.0915201639484227	0.294976551261116	0.110598580326059	0.435176887266973
0.0478865449918372	0	0.135984902947382	0.17293597482464	0.64319257723614
0.0267950268438239	-5.55601583107935e-20	0.0839229345559494	0.115073121009972	0.774208917590255
0.0504779632540711	0.00286734339165817	0.0742359325785637	0.0623132067756882	0.810105554000019
0.0883433814030929	0.00263539322770806	0.0749911724685312	0	0.834030052900668
0.0335814128493175	0.0279328573707278	0.201882476721579	0.136170575030492	0.600432678027883
0.0278619912601633	0.0267000748740564	0.299218630641773	0.0741301699024293	0.572089133321578
0.0343031028227812	0.0165962205981175	0.186293551501298	0.0668696787518001	0.695937446326004
0.0428536596042828	0.00527635943384104	0.14363727719454	0.0282979306681803	0.779934773099156
0.0567350796248925	0.0427274784547594	0.294458229844423	0.0510044003174167	0.555074811758509
0.0179233447859677	0.011481776388189	0.222619621449446	0.179096768878827	0.568878488497571
0.0751890125840188	0.00243477918525705	0.240254438814535	0.188096761835633	0.494025007580556
0.0340124446564604	0.0304057263855683	0.1133475981522	0.0792250318437755	0.743009198961995
0.0529504341804701	0	0.0877877630378701	0.013228838550362	0.846032964231298
0.033669069088729	0	0.0103673394286988	0.0286345240075792	0.927329067474993
0.089132267846314	0.0579957801013468	0.116246507040466	0.093558893412575	0.643066551599298
0.0312689413353874	0.0187862557761098	0.109741367057491	0.110494606910369	0.729708828920642
0.08264569498771	0.0728315166021704	0.244711390157375	0.122112362276071	0.477699035976673
0.0960997309757759	0.00315483328324003	0.103041306156199	0.0857444794226839	0.711959650162101
0.039515007995772	0.0353896579255276	0.230222541368689	0.230365030346037	0.464507762363975
0.0330669630689868	0.0358366360071721	0.165440093564172	0.183832100003351	0.581824207356318
0.104668489662156	0	0.0681689419791694	0.0528914142065021	0.774271154152173
0.0410999747260607	0	0.181633893976316	0.0954303849022279	0.681835746395396
0.0668902049614616	0.0234352156080137	0.214512122793593	0.0859101860374495	0.609252270599483
0.0687450487292936	0.0283931578885967	0.104325246070405	0.0359763546081683	0.762560192703536
0.0484193128628415	0.034158863663186	0.152481794964376	0.0726602206439403	0.692279807865656
0.0427788725260869	0.0243601736088608	0.124105057172454	0.0190860511198974	0.789669845572701
0.0451735030201072	0.0390952841349157	0.120358877409141	0.0474582449967871	0.747914090439049
0.105992826511581	0.0893684225153768	0.174279334655152	0.181317711733879	0.449041704584011
0.0622496804615733	0.0411116315683918	0.212937754547259	0.0499978607641917	0.633703072658584
0.0571820961111062	0.0601557712184465	0.122211792666127	0.0720515526874006	0.688398787316919
0.0583120087953197	0.00866391114707115	1.31852753512105e-19	0	0.933024080057609
0.0742212080302824	0.0524163664969599	0.191139400376813	0.0161945689727758	0.666028456123169
0.0519552934224016	0.023824606270466	0	0.0308248517732255	0.893395248533907
0.08075004224896	0.0186442764139021	0.177922766657147	0.0824129485410057	0.640269966138985
0.0826890859323141	0.010443235241364	0.0653645724103507	0.00382104602323592	0.837682060392735
0.0440254845134481	0.0786707295364861	0.149927706097461	0.0970500275590262	0.630326052293579
0.0802224052027872	0.0145286106970403	0.0892614201779342	0.0541281635340915	0.761859400388147
0.0814699867164022	0.0192172101011263	0.0890048803672286	0.00300188870511546	0.807306034110127
0.0475784441993898	0.0149595479513199	0.148087949763733	0.0439005246131724	0.745473533472384
0.0768179808698279	0.0392512682456042	0.108267428424409	0.163754698332189	0.611908624127969
0.0272747902794881	0.169049138327815	0.108038125682166	0.116165798443321	0.57947214726721
0.0698562866948243	0.0344580989347032	0.162929765139688	0.0370554962987298	0.695700352932055
0.0273674828835166	0.0649309378457896	0.288326069749958	0.156108040089026	0.46326746943171
0.0470975943260812	0.018906120090581	0.139638867404951	0.0921311416016265	0.70222627657676
0.0733438454981628	0.0150091592854929	0.148829148381391	0.236051061466635	0.526766785368319
0.0430236041500638	0.0279579733739237	0.180148224451983	0.119548088512419	0.62932210951161
0.060890912929865	0.0396333779961366	0.204369153245211	0.112925285642602	0.582181270186185
0	0.0969841519758481	0.413672478859191	0.212743502695884	0.276599866469077
0.046911556686745	0.0292026197489111	0.252438034572319	0.104006327355044	0.567441461636981
0.0635300808073736	0.046088517385818	0.251046884807729	0.131087271069234	0.508247245929846
0.0769435213803532	0.0564496671897195	0.148847645534443	0.172027969915834	0.545731195979651
0.0262110179390973	0.0138056359851359	0.0820568316970128	0.115076183261503	0.762850331117251
0.0251204977210296	0.0359446838307681	0.221753409535063	0.160015371307141	0.557166037605999
0.0271205582989623	0.0437139300784254	0.255548980476245	0.282332816377621	0.391283714768745
0.0313402050900613	0.0291864138885766	0.217946604092691	0.107121046527691	0.614405730400981
0.034083646512665	0.00257236773405794	0.0884515584321678	0.0360942427707475	0.838798184550362
0.0467487836032889	0.0457201067958216	0.0929876087132445	0.0667980660822819	0.747745434805363
0.0726796592426174	0.0482251563657527	0.123238312429426	0.09659760751296	0.659259264449244
0.0399433667031618	0.0488126860302472	0.206883967459417	0.055943598204579	0.648416381602595
0.0759935393717405	0.0370142040703246	0.106465301965205	0.0314496731106103	0.74907728148212
0.0358218120982196	0.0281373512071927	0.234443352422694	0.143829818466271	0.557767665805623
0.0231667109358753	0.0777250074831636	0.260332706235758	0.0844826508306837	0.55429292451452
0.0288990577449116	0.0209666566878951	0.0870645661932256	0.134730902171262	0.728338817202706
0.0286150438860951	0.0172471792809267	0.0580957367270165	0.026898394108802	0.86914364599716
0.0436182935514571	0.0057795278151907	0.105163827609946	0.0445774882589074	0.800860862764498
0.0673481236726622	0.0142403544930235	0.0581572097231666	0.114313030393896	0.745941281717251
0.0486971101888622	0.0241412213486256	0.147558473114714	0.0729315346208743	0.706671660726924
0.0639236583212501	0.0368758845041633	0.20157306417071	0.118737270884058	0.578890122119819
0.0589223280369646	0.0193089774036798	0.00461427145089247	0.00740708959791377	0.909747333510549
0.0521019685079225	0.0306315355143033	0.188085741276281	0.0815344189090932	0.6476463357924
0.0441649726501069	0.0446205998946399	0.175794682330394	0.0245532810581592	0.7108664640667
0.0418256346866028	0.0447953223273879	0.169435811293826	0.0686181496826687	0.675325082009515
0.0408491968251171	0.0195118543961451	0.08415792858285	0.0429972446549831	0.812483775540905
0.04227025547875	0.00802057122241031	0.164209438891702	0.0833865968447282	0.702113137562409
0.000820187278857645	0.0403876036811529	0.206116977852786	0.137682081814354	0.61499314937285
0.102502940798305	0.00196684689972555	0.054198576445765	0.0440957349481145	0.79723590090809
0.0643354135347893	0.0230420685503717	0.115962947446024	0.105591120343769	0.691068450125046
0.0427727105789363	0.0620261622971415	0.131956540087989	0.157034704419387	0.606209882616547
0.0397673194020119	0.00901440652922233	0.0793334671297526	0.108857283088327	0.763027523850686
0.152078189032836	0.0288439444204062	0.218680818805475	0.263843755596958	0.336553292144325
0.0699535398414465	0.0362968742192804	0.241570570418165	0.0280472253828547	0.624131790138253
0.0692991848841738	0.0189932988768619	0.0605038250009237	0.0125371788440701	0.83866651239397
0.0627329664403866	0.0216998350065118	0.182018742419146	0.0535318647085211	0.680016591425434
0.0749027108667569	0.0202097220688282	0.116581269996563	0.162948595049004	0.625357702018848
0.0888860224051669	0.0251201530422779	0.151323835416472	0.0118315774904316	0.722838411645652
0.0448854688596896	0.0294422377916165	0.14068934406686	0.0627680203910245	0.72221492889081
0.111514554135939	0.0266131472211507	0.0531142938761066	0.106972899622588	0.701785105144215
0.037059836264241	0.0196925742212947	0.0786317863792095	0.00404822652486707	0.860567576610388
0.0415615396671525	0.0153202620603083	0.222888925180012	0.107821424852691	0.612407848239836
0.0406862296591128	0.0802177229777326	0.157080900793163	0.130370527150832	0.59164461941916
0.0343564360518138	0.0531955365902955	0.172921994731268	0.0547405330073346	0.684785499619288
0.0280160600583687	0.0103687147402955	0.192208129660164	0.109059205967175	0.660347889573997
0.0797989680005435	0.00800687016142412	0.0753152183339706	0.0257230484393143	0.811155895064747
0.0689033104239736	0.020793420742043	0.151325053946594	0.0809946456410826	0.677983569246307
0.0377417007176642	0.0494187415528199	0.233651306567782	0.107666969674067	0.571521281487667
0.0484975605836099	0.0351974475056004	0.164487693372679	0.10663175675044	0.64518554178767
0.113009854211523	0.0324091945427354	0.142783328957358	0.0636282123817738	0.64816940990661
0.0498910109133173	0.0466554636301192	0.1495892995879	0.0269340007556026	0.726930225113061
0.0438175604011174	0.0295400622455265	0.109721410216113	0.0288712003690643	0.788049766768179
0.0538542590412176	0.0219843053646689	0.123118087487725	0.0690967273065772	0.731946620799812
0.0398920279498908	0.0248359867215233	0.0386077847737585	0	0.896664200554827
0.0434982094140223	0.0220196667889538	0.253806860637245	0.0621408593093235	0.618534403850456
0.0127496632714135	0.0273923186712327	0.0924558795039146	0.0138694575486519	0.853532681004787
0.0325496855881237	0.057522324037826	0.108525892817873	0.0305333271412959	0.770868770414881
0.0466229369536242	0.10573967260479	0.190735202645528	0.0331601823480488	0.623742005448009
0.0467582443738162	0.0279050798747639	0.275528125096268	0.138676968774394	0.511131581880758
0.0472211261594747	0.0212941618062935	0.17543512962966	0.0817504467889356	0.674299135615636
0.0336975632285632	0.0405697342361725	0.174458507819744	0.0965070336338298	0.654767161081691
0.019860569897966	0.03354073195953	0.316457957029062	0.156623623841123	0.473517117272319
0.0791246615408203	0.0541960955990165	0.243507523222889	0.150412745952868	0.472758973684406
0.0441081011345081	0.0416462725624969	0.180397871091983	0.0924798840978015	0.64136787111321
0.057167470672836	0.0455144892193716	0.329879573126295	0.112715943409292	0.454722523572205
0.0498736175198327	0.0279777807198636	0.0985731436353357	0.102061491997721	0.721513966127247
0.0522309652825247	0.0815014154663517	0.157705319189944	0.0814466872318845	0.627115612829295
0.101181498512798	0.0240533302779899	0.0880440353476317	0.0781607252805419	0.708560410581039
0.0143821482481517	0.0293781957083982	0.196009258428462	0.215433603050839	0.544796794564149
0.0612956943020809	0.0251439298983827	0.109333238387125	0.0547291015899188	0.749498035822492
0.0722696602927097	0.0162032473012143	0.0961862150759169	0.0278342211314007	0.787506656198758
0.0266072509361083	0.0137420098599898	0.106907108590273	0.000399612771842936	0.852344017841785
0.0303683202710528	0.0837424584000706	0.181995085148529	0.0368005576766427	0.667093578503704
0.0449510211417354	0.0574154958284325	0.170803862413991	0.0671319373267082	0.659697683289133
0.0148270642472929	0.0273150387737951	0.0492027616978771	0	0.908655135281035
0.050101829350551	0.0650528917368199	0.281666718762827	0.0514412755290909	0.551737284620711
0.0471832197685059	0.0739034486200337	0.158920867766506	0.126183568899183	0.593808894945771
0.0230078092515153	0.052639359059282	0.373400970244616	0.15316985179803	0.397782009646557
0.0448865039510883	0.0798490173735243	0.267210948911848	0.1976483925964	0.41040513716714
0.0494502092914881	0.0739463472997831	0.235266354742292	0.0720279563249571	0.569309132341479
0.042342002413222	0.0529730359396048	0.196986549181387	0.191745650165458	0.515952762300328
0.0468280101829191	0.0525464669305083	0.283357164188859	0.0985459180296459	0.518722440668068
0.0462103933415916	0.0186786992142091	0.118820523034607	0.231578793155104	0.584711591254488
0.0266031473669137	0.0679686309283318	0.323689135253471	0.0713557107631503	0.510383375688133
